0.010000000000000000 -0.000291374512016773 0.000000003705011409 0.222002281016951991 0.000053668645705329 0.261835753917694092 0.021183434873819351 1.000009894371032715 -0.000303530238439840
0.070000000000000007 -0.015547618269920349 0.000001180873368867 0.222002281016951991 0.000122320343507454 0.029185121878981590 0.001398212276399136 1.002149939537048340 -0.016593635353529906
0.089999999999999997 -0.025364570319652557 0.000002748565748334 0.222002281016951991 0.000258317042607814 0.025556104257702827 0.001467688824050128 1.001506924629211426 -0.026713227726148231
0.100000000000000006 -0.030608290806412697 0.000009581504855305 0.222002281016951991 0.000323509040754288 0.060717739164829254 0.002491727238520980 1.005299687385559082 -0.032073107084560099
0.110000000000000001 -0.036022856831550598 0.000013391021639109 0.222002281016951991 0.000409649539506063 0.061215676367282867 0.002567337825894356 1.005710363388061523 -0.037550102097771848
0.119999999999999996 -0.041528161615133286 0.000018122140318155 0.222002281016951991 0.000497532251756638 0.062301166355609894 0.002644394990056753 1.005980372428894043 -0.043112676717840338
0.130000000000000004 -0.047205995768308640 0.000002760905772448 0.222002281016951991 0.000709079788066447 0.007426952011883259 0.001320369658060372 1.000458002090454102 -0.048741151224060891
0.140000000000000013 -0.052757572382688522 0.000026499386876822 0.222002281016951991 0.000677278731018305 0.056518759578466415 0.002543265698477626 1.005338788032531738 -0.054422661351266166
0.149999999999999994 -0.058552440255880356 0.000002378597855568 0.222002281016951991 0.001045044162310660 0.004162351600825787 0.001439078594557941 1.000050067901611328 -0.060148419560993906
0.160000000000000003 -0.064101703464984894 0.000046540983021259 0.222002281016951991 0.000858125276863575 0.067151322960853577 0.002885818015784025 1.005996704101562500 -0.065912178030415977
0.170000000000000012 -0.070035345852375031 0.000004929490387440 0.222002281016951991 0.001264720107428730 0.006028885021805763 0.001506650354713202 1.000094056129455566 -0.071709332659036784
0.179999999999999993 -0.075832620263099670 0.000004710629582405 0.222002281016951991 0.001435176818631589 0.004914499819278717 0.001540075056254864 1.000044822692871094 -0.077536380722071988
0.190000000000000002 -0.081653125584125519 0.000006292480975389 0.222002281016951991 0.001549898413941264 0.005662263836711645 0.001564954640343785 1.000043034553527832 -0.083390580839933184
0.200000000000000011 -0.087501101195812225 0.000005866866558790 0.222002281016951991 0.001683415612205863 0.004597227089107037 0.001554516959004104 1.000039696693420410 -0.089269732844811614
0.209999999999999992 -0.093368329107761383 0.000007763504981995 0.222002281016951991 0.001817904994823039 0.005342958960682154 0.001592400600202382 1.000032305717468262 -0.095172031078932864
0.309999999999999998 -0.153099238872528076 0.000022832304239273 0.222002281016951991 0.003125390503555536 0.005844232626259327 0.001676491345278919 1.000031590461730957 -0.155216412884043559
0.409999999999999976 -0.214276373386383057 0.000052437186241150 0.222002281016951991 0.004374994896352291 0.006852008868008852 0.001704808091744781 1.000027775764465332 -0.216652503502043597
0.510000000000000009 -0.276443272829055786 0.000137351453304291 0.222002281016951991 0.005368715152144432 0.010783227160573006 0.001739976229146123 1.000027298927307129 -0.279085770515790532
0.609999999999999987 -0.339456915855407715 0.000216633081436157 0.222002281016951991 0.006370714399963617 0.011279262602329254 0.001705241156741977 1.000030040740966797 -0.342270334479498395
0.709999999999999964 -0.403091073036193848 0.000319391489028931 0.222002281016951991 0.007238599006086588 0.011793520301580429 0.001659389585256577 1.000028610229492188 -0.406034147584343641
0.810000000000000053 -0.467192202806472778 0.000445514917373657 0.222002281016951991 0.007993441075086594 0.012246048077940941 0.001608949620276690 1.000030279159545898 -0.470251814744706564
0.910000000000000031 -0.531697273254394531 0.000597357749938965 0.222002281016951991 0.008654505014419556 0.012677526101469994 0.001559137832373381 1.000025749206542969 -0.534829985572079392
1.010000000000000009 -0.596493542194366455 0.000788778066635132 0.222002281016951991 0.009192676283419132 0.013300621882081032 0.001512111979536712 1.000026106834411621 -0.599698095459505587
1.110000000000000098 -0.661534011363983154 0.000999182462692261 0.222002281016951991 0.009687646292150021 0.013698276132345200 0.001466245274059474 1.000029683113098145 -0.664802095570135698
1.209999999999999964 -0.726771831512451172 0.001233398914337158 0.222002281016951991 0.010116733610630035 0.014009816572070122 0.001421250402927399 1.000030159950256348 -0.730100078704352895
1.310000000000000053 -0.792200565338134766 0.001261234283447266 0.222002281016951991 0.010687768459320068 0.012057309970259666 0.001334970118477941 1.000030279159545898 -0.795559175035481014
1.409999999999999920 -0.857758045196533203 0.001519441604614258 0.222002281016951991 0.011022740043699741 0.012390254996716976 0.001296681468375027 1.000029325485229492 -0.861153320441092940
