0.0400000000000000 -0.0045408899895847 0.0000000230904771 -0.0045185589433548 0.0000297920087178 0.0111982701346278 0.0111644743010402 1.0000002384185791  -0.0045528413525762
0.0500000000000000 -0.0071125375106931 0.0000000318027453 -0.0070425856577494 0.0000274331760011 0.0062865945510566 0.0062754298560321 1.0000001192092896  -0.0071533695062217
0.0600000000000000 -0.0102876704186201 0.0000000030219618 -0.0101104523886791 0.0000009802840850 0.0002855320635717 0.0002855204802472 1.0000000000000000 -0.0104231045249893
0.0700000000000000 -0.0141083467751741 0.0000000242773925 -0.0137122099043736 0.0000101144651126 0.0012196908937767 0.0012192866997793 1.0000000000000000 -0.0144125917304871
0.0800000000000000 -0.0186114180833101 0.0000001108652938 -0.0178363631025952 0.0000393109039578 0.0032006388064474 0.0031975230667740 1.0000001192092896 -0.0190256335189548
0.0900000000000000 -0.0236351117491722 0.0000002730905067 -0.0224700076910822 0.0000739840106689 0.0048886765725911 0.0048816376365721 1.0000001192092896 -0.0240544713704378
0.1000000000000000 -0.0289438012987375 0.0000004322369875 -0.0275989904247298 0.0000992626664811 0.0051595377735794 0.0051513821817935 1.0000001192092896 -0.0293284882026269
0.1100000000000000 -0.0344016626477242 0.0000006800651704 -0.0331846860618564 0.0001167231093859 0.0057463441044092 0.0057373596355319 1.0000000000000000 -0.0347492827061435
0.1200000000000000 -0.0399474613368511 0.0000008439392332 -0.0388927919482444 0.0001299508003285 0.0052885035984218 0.0052805794402957 1.0000001192092896 -0.0402643763206235
0.1300000000000000 -0.0455519184470177 0.0000010646564306 -0.0446181483522117 0.0001410285040038 0.0051309303380549 0.0051236199215055 1.0000000000000000 -0.0458448972856193
0.1400000000000000 -0.0511994585394859 0.0000013393640756 -0.0503598109957183 0.0001509591966169 0.0051093767397106 0.0051024388521910 1.0000000000000000 -0.0514739660042165
0.1500000000000000 -0.0568809285759926 0.0000016405641645 -0.0561169376816084 0.0001602429983905 0.0050706062465906 0.0050640259869397 1.0000000000000000 -0.0571410765785480
0.1600000000000000 -0.0625904127955437 0.0000020178308660 -0.0618887730666450 0.0001691886864137 0.0051507335156202 0.0051443125121295 1.0000001192092896 -0.0628393096096628
