0.0500000000000000 -0.0071179508231580 0.0000000259977817 -0.0070425856577494 0.0000001528860452 0.0000513128725288 0.0000513123668497 1.0000041723251343 -0.0071533695062217
0.0600000000000000 -0.0102867819368839 0.0000000734781409 -0.0101104523886791 0.0000006291487011 0.0000694382979418 0.0000694363334333 1.0000605583190918 -0.0104231045249893
0.0700000000000000 -0.0141063183546066 0.0000002137807655 -0.0137122099043736 0.0000091738675110 0.0001074338797480 0.0001074016836355 1.0000692605972290 -0.0144125917304871
0.0800000000000000 -0.0186085067689419 0.0000003713967374 -0.0178363631025952 0.0000375036106561 0.0001072543745977 0.0001071547740139 1.0001174211502075 -0.0190256335189548
0.0900000000000000 -0.0236332472413778 0.0000004638868631 -0.0224700076910821 0.0000711192697054 0.0000830549033708 0.0000829397686175 1.0001589059829712 -0.0240544713704378
0.1000000000000000 -0.0289420448243618 0.0000005605272690 -0.0275989904247298 0.0000956178773777 0.0000669172804919 0.0000668154607411 1.0001521110534668 -0.0293284882026269
0.1300000000000000 -0.0455476976931095 0.0000004697880911 -0.0446181483522117 0.0001419870677637 0.0000226448337344 0.0000226123229368 1.0000034570693970 -0.0458448972856193
0.1400000000000000 -0.0511960163712502 0.0000008390036328 -0.0503598109957184 0.0001486168039264 0.0000320104300044 0.0000319676291838 1.0000702142715454 -0.0514739660042165
0.1500000000000000 -0.0568770952522755 0.0000006439917115 -0.0561169376816084 0.0001599172101123 0.0000199069836526 0.0000198812031158 1.0000264644622803 -0.0571410765785480
0.1600000000000000 -0.0625850781798363 0.0000006720969168 -0.0618887730666451 0.0001707591000013 0.0000171589344973 0.0000171373703779 1.0000064373016357 -0.0628393096096628
0.1700000000000000 -0.0683190003037453 0.0000007748515145 -0.0676746361551504 0.0001786264620023 0.0000166010468092 0.0000165810542967 1.0000171661376953 -0.0685638782715394
0.1800000000000000 -0.0740733146667480 0.0000007856286288 -0.0734739099588812 0.0001883866643766 0.0000143183751788 0.0000143016077345 1.0000027418136597 -0.0743113282515238
0.1900000000000000 -0.0798485800623894 0.0000010461712918 -0.0792860328941023 0.0001932833256433 0.0000164084813150 0.0000163901822816 1.0000280141830444 -0.0800790749254125
0.2000000000000000 -0.0856361389160156 0.0000010349966715 -0.0851104915813440 0.0002023381093750 0.0000141131777127 0.0000140978190757 1.0000216960906982 -0.0858651233213454
