0.0500000000000000 -0.0071084052324295 0.0000133138310048 -0.0070425856577494 0.5420318245887756 0.0263486709445715 0.0263486709445715 1.0001478195190430 -0.0266684087401361
0.0600000000000000 -0.0102796396240592 0.0000219323301280 -0.0101104523886791 0.3975049257278442 0.0207552965730429 0.0207552965730429 1.0000700950622559 -0.0266684087401361
0.0700000000000000 -0.0143914846703410 0.0000204281022889 -0.0137122099043736 0.1157711520791054 0.0098631763830781 0.0098631763830781 1.0001964569091797 -0.0266684087401361
0.0800000000000000 -0.0189745761454105 0.0000145677649925 -0.0178363631025952 0.0242970511317253 0.0040462133474648 0.0040462133474648 1.0054594278335571 -0.0266684087401361
0.0900000000000000 -0.0240436773747206 0.0000177099846042 -0.0224700076910821 0.0297951940447092 0.0030634894501418 0.0030634894501418 1.0024371147155762 -0.0266684087401361
0.1000000000000000 -0.0293219536542892 0.0000121082039186 -0.0275989904247298 0.0098500819876790 0.0014082959387451 0.0014082959387451 1.0053782463073730 -0.0266684087401361
0.1100000000000000 -0.0347759649157524 0.0000125272172227 -0.0331846860618564 0.0082246186211705 0.0010358483996242 0.0010358483996242 1.0044167041778564 -0.0266684087401361
0.1200000000000000 -0.0403081700205803 0.0000122187766465 -0.0388927919482444 0.0067187580280006 0.0007520411163568 0.0007520411163568 1.0038722753524780 -0.0266684087401361
0.1300000000000000 -0.0458656847476959 0.0000145501508086 -0.0446181483522117 0.0068048806861043 0.0006916585844010 0.0006916585844010 1.0022187232971191 -0.0266684087401361
0.1400000000000000 -0.0515110418200493 0.0000143320103234 -0.0503598109957184 0.0054146349430084 0.0005401400849223 0.0005401400849223 1.0023038387298584 -0.0266684087401361
0.1500000000000000 -0.0572038888931274 0.0000133240737341 -0.0561169376816084 0.0044450671412051 0.0004071795265190 0.0004071795265190 1.0025352239608765 -0.0266684087401361
0.1600000000000000 -0.0629207044839859 0.0000124305497593 -0.0618887730666451 0.0039001323748380 0.0003139809123240 0.0003139809123240 1.0026175975799561 -0.0266684087401361
0.1700000000000000 -0.0686515420675278 0.0000126715240185 -0.0676746361551504 0.0035478798672557 0.0002688613021746 0.0002688613021746 1.0024403333663940 -0.0266684087401361
0.1800000000000000 -0.0744000524282455 0.0000131633214551 -0.0734739099588812 0.0032357168383896 0.0002378039062023 0.0002378039062023 1.0022652149200439 -0.0266684087401361
0.1900000000000000 -0.0801331400871277 0.0000162702544912 -0.0792860328941023 0.0030407868325710 0.0002533786755521 0.0002533786755521 1.0016911029815674 -0.0266684087401361
0.2000000000000000 -0.0859708189964294 0.0000136284179462 -0.0851104915813440 0.0028435327112675 0.0001843925274443 0.0001843925274443 1.0020978450775146 -0.0266684087401361
