0.0200000000000000 -0.0011358621995896 0.0000003744609671 -0.0011334349409266 0.9111037850379944 0.0290238689631224 0.0290238689631224   1.0001926422119141 -0.0011334349409266
0.0300000000000000 -0.0025523561052978 0.0000019887365852 -0.0025466621633346 0.8095133900642395 0.0305277425795794 0.0305277425795794   1.0001851320266724 -0.0025559253351052
0.0400000000000000 -0.0045442567206919 0.0000059014987528 -0.0045185589433548 0.6815349459648132 0.0285783130675554 0.0285783130675554   1.0000339746475220 -0.0045528413525762
0.0500000000000000 -0.0071142576634884 0.0000129395211843 -0.0070425856577494 0.5404591560363770 0.0255657788366079 0.0255657788366079   1.0000306367874146 -0.0071533695062217
0.0600000000000000 -0.0104222046211362 0.0002060422120849 -0.0101104523886791 0.1862445175647736 18.9686756134033203 1896.8669433593750 1.0000000000000000 -0.0104231045249893
0.0700000000000000 -0.0144106717780232 0.0001948276767507 -0.0137122099043736 0.1147323772311211 9.3817148208618164 938.171264648437500 1.0000002384185791 -0.0144125917304871
0.0800000000000000 -0.0190243944525719 0.0001609524624655 -0.0178363631025952 0.0668039917945862 4.4470901489257812 444.709106445312500 1.0000002384185791 -0.0190256335189548
0.0900000000000000 -0.0240537971258163 0.0001302696036873 -0.0224700076910822 0.0404946990311146 2.2515201568603516 225.151947021484375 1.0000001192092896 -0.0240544713704378
0.1000000000000000 -0.0293277315795422 0.0001078847708413 -0.0275989904247298 0.0265769232064486 1.2543050050735474 125.430511474609375 1.0000001192092896 -0.0293284882026269
0.1100000000000000 -0.0347482487559319 0.0000955742434599 -0.0331846860618564 0.0188319683074951 0.7915439605712891 79.1543807983398438 1.0000001192092896 -0.0347492827061435
0.1200000000000000 -0.0402632951736450 0.0000885379049578 -0.0388927919482444 0.0142107913270593 0.5461483001708984 54.6148414611816406 1.0000001192092896 -0.0402643763206235
0.1300000000000000 -0.0458439327776432 0.0000831823999761 -0.0446181483522117 0.0112607721239328 0.3957926630973816 39.5792617797851562 1.0000001192092896 -0.0458448972856193
0.1400000000000000 -0.0514727830886841 0.0000810570199974 -0.0503598109957183 0.0092707937583327 0.3059393465518951 30.5939292907714844 1.0000001192092896 -0.0514739660042165
0.1500000000000000 -0.0571400746703148 0.0000796141466708 -0.0561169376816084 0.0078638801351190 0.2438420653343201 24.3842086791992188 1.0000001192092896 -0.0571410765785480
0.1600000000000000 -0.0628381818532944 0.0000782995266491 -0.0618887730666450 0.0068293032236397 0.1982950568199158 19.8295040130615234 1.0000001192092896 -0.0628393096096628
