0.010000000000000000 -0.000303756300127134 0.000000086061049842 -0.000000000000000000 0.967946052551269531 5.423747062683105469 0.155455052852630615 1.015790104866027832 -0.000303530238439840
0.070000000000000007 -0.016592493280768394 0.000031189410947263 -0.000000000000000000 0.156163245439529419 0.679263472557067871 0.018881333991885185 1.000342011451721191 -0.016593635353529906
0.089999999999999997 -0.026717117056250572 0.000035304634366184 -0.000000000000000000 0.095844618976116180 0.296702176332473755 0.008243303745985031 1.000095605850219727 -0.026713227726148231
0.100000000000000006 -0.032075580209493637 0.000038542435504496 -0.000000000000000000 0.079716399312019348 0.224729984998703003 0.006243654526770115 1.000092506408691406 -0.032073107084560099
0.110000000000000001 -0.037554867565631866 0.000039504026062787 -0.000000000000000000 0.068524368107318878 0.168045669794082642 0.004668287932872772 1.000037908554077148 -0.037550102097771848
0.119999999999999996 -0.043106824159622192 0.000043351203203201 -0.000000000000000000 0.060285449028015137 0.139896795153617859 0.003888283157721162 1.000290751457214355 -0.043112676717840338
0.130000000000000004 -0.048744428902864456 0.000045514665544033 -0.000000000000000000 0.054425187408924103 0.114921182394027710 0.003192641073837876 1.000060558319091797 -0.048741151224060891
0.140000000000000013 -0.054423224180936813 0.000049604102969170 -0.000000000000000000 0.049659840762615204 0.100472271442413330 0.002791244070976973 1.000062465667724609 -0.054422661351266166
0.149999999999999994 -0.060151536017656326 0.000053817871958017 -0.000000000000000000 0.046005316078662872 0.089233219623565674 0.002479030285030603 1.000066757202148438 -0.060148419560993906
0.160000000000000003 -0.065919451415538788 0.000056669116020203 -0.000000000000000000 0.043044760823249817 0.078237213194370270 0.002173542277887464 1.000065803527832031 -0.065912178030415977
0.170000000000000012 -0.071716524660587311 0.000063536688685417 -0.000000000000000000 0.040593083947896957 0.074110992252826691 0.002058897865936160 1.000062823295593262 -0.071709332659036784
0.179999999999999993 -0.077544339001178741 0.000070169568061829 -0.000000000000000000 0.038639500737190247 0.070010721683502197 0.001944900257512927 1.000040650367736816 -0.077536380722071988
0.190000000000000002 -0.083398699760437012 0.000075424555689096 -0.000000000000000000 0.036941807717084885 0.065059885382652283 0.001807352877222002 1.000036954879760742 -0.083390580839933184
0.200000000000000011 -0.089278779923915863 0.000081697478890419 -0.000000000000000000 0.035501096397638321 0.061493720859289169 0.001708287396468222 1.000037670135498047 -0.089269732844811614
0.209999999999999992 -0.095183573663234711 0.000086470507085323 -0.000000000000000000 0.034294318407773972 0.057262003421783447 0.001590716303326190 1.000033140182495117 -0.095172031078932864
0.309999999999999998 -0.155197918415069580 0.000154443085193634 -0.000000000000000000 0.027708925306797028 0.038469564169645309 0.001068674493581057 1.000035405158996582 -0.155216412884043559
0.409999999999999976 -0.216463997960090637 0.000402688980102539 -0.000000000000000000 0.022982643917202950 0.051561139523983002 0.001432343269698322 1.000031232833862305 -0.216652503502043597
0.510000000000000009 -0.278872370719909668 0.000581987202167511 -0.000000000000000000 0.021857535466551781 0.044897936284542084 0.001247243373654783 1.000031471252441406 -0.279085770515790532
0.609999999999999987 -0.342061877250671387 0.000787340104579926 -0.000000000000000000 0.021123185753822327 0.040372014045715332 0.001121506444178522 1.000027656555175781 -0.342270334479498395
0.709999999999999964 -0.405900239944458008 0.000988915562629700 -0.000000000000000000 0.020838677883148193 0.036012180149555206 0.001000390038825572 1.000025868415832520 -0.406034147584343641
0.810000000000000053 -0.470117896795272827 0.001213014125823975 -0.000000000000000000 0.020461728796362877 0.032929114997386932 0.000914747128263116 1.000027060508728027 -0.470251814744706564
0.910000000000000031 -0.534712791442871094 0.001469194889068604 -0.000000000000000000 0.020123906433582306 0.030829399824142456 0.000856420432683080 1.000028133392333984 -0.534829985572079392
1.010000000000000009 -0.599589765071868896 0.001779019832611084 -0.000000000000000000 0.019815575331449509 0.029689142480492592 0.000824747781734914 1.000029921531677246 -0.599698095459505587
1.110000000000000098 -0.664776742458343506 0.001916050910949707 -0.000000000000000000 0.020018741488456726 0.026012822985649109 0.000722610333468765 1.000022053718566895 -0.664802095570135698
1.209999999999999964 -0.730051696300506592 0.002342522144317627 -0.000000000000000000 0.019428761675953865 0.026369720697402954 0.000732529675588012 1.000025629997253418 -0.730100078704352895
1.310000000000000053 -0.795556545257568359 0.002552270889282227 -0.000000000000000000 0.019571408629417419 0.024194359779357910 0.000672099296934903 1.000025033950805664 -0.795559175035481014
1.409999999999999920 -0.861135721206665039 0.002705574035644531 -0.000000000000000000 0.019362071529030800 0.021889813244342804 0.000608085945714265 1.000029325485229492 -0.861153320441092940
