0.0300000000000000 -0.0025490096304566 0.0000000000153101 -0.0025432330320110 0.9996481537818909 0.0000001683092137 0.0245699863880873 1.0000000000000000 -0.0266684087401361
0.0400000000000000 -0.0045307325199246 0.0000000001835476 -0.0045124029774600 0.9988373517990112 0.0000006386808309 0.0235894713550806 1.0000001192092896 -0.0034814127687199
0.0500000000000000 -0.0070796832442284 0.0000000014708955 -0.0070328497322155 0.9965664148330688 0.0000020961683731 0.0208565033972263 1.0000008344650269 -0.0266684087401361
0.0600000000000000 -0.0102186659350991 0.0000000375766227 -0.0100962320233491 0.9776545763015747 0.0000257040355791 0.0290627796202898 1.0044722557067871 -0.0165936353535299
0.0700000000000000 -0.0139679582789540 0.0000000888480756 -0.0136925413737158 0.9712585210800171 0.0000325277578668 0.0178611390292645 1.0054293870925903 -0.0034814127687199
0.0800000000000000 -0.0180229935795069 0.0000000560705118 -0.0178102154928699 0.9894242286682129 0.0000123297040773 0.0248937737196684 1.0000000000000000 -0.0034814127687199
0.1000000000000000 -0.0277666430920362 0.0000000126879023 -0.0275564619631487 0.9934313297271729 0.0000011754793832 0.0059226644225419 1.0000000000000000 -0.0034814127687199
0.1100000000000000 -0.0342856459319592 0.0000116544861157 -0.0331353140951566 0.8846980333328247 0.1388022452592850 1294.2332763671875000 1.0000010728836060 -0.0514739660042166
0.1200000000000000 -0.0398427248001099 0.0000085276042228 -0.0388432776103575 0.9145117998123169 0.0752067863941193 1253.8074951171875000 1.0000008344650269 -0.0514739660042166
0.1300000000000000 -0.0454557351768017 0.0000066427569436 -0.0445683557804361 0.9340897202491760 0.0450089648365974 1245.9564208984375000 1.0000008344650269 -0.0514739660042166
0.1400000000000000 -0.0511118508875370 0.0000050980393098 -0.0503095613030885 0.9475595355033875 0.0273204613476992 1181.7807617187500000 1.0000003576278687 -0.0514739660042166
0.1500000000000000 -0.0568004176020622 0.0000040729050852 -0.0560660079099868 0.9571858644485474 0.0176737736910582 1137.2784423828125000 1.0000003576278687 -0.0514739660042166
0.1600000000000000 -0.0625164210796356 0.0000033517592328 -0.0618368958490486 0.9643006324768066 0.0120063945651054 1103.4354248046875000 1.0000002384185791 -0.0514739660042166
