0.0500000000000000 -0.0071509056724608 0.0000006858510346 -0.0070425856577494 0.4979177415370941 0.0013412436842918 0.5161885023117065 1.0000048875808716 -0.0071533695062217
0.0600000000000000 -0.0104148481041193 0.0000017123535372 -0.0101104523886791 0.4830164611339569 0.0015786562580615 0.0055940700694919 1.0000195503234863 -0.0104231045249893
0.0700000000000000 -0.0144027890637517 0.0000029560312669 -0.0137122099043736 0.4783900976181030 0.0014250031672418 0.0048042470589280 1.0001718997955322 -0.0144125917304871
0.0800000000000000 -0.0190079510211945 0.0000044473390517 -0.0178363631025952 0.5019066333770752 0.0012309193843976 0.0044019343331456 1.0001051425933838 -0.0190256335189548
0.0900000000000000 -0.0240261964499950 0.0000062691956373 -0.0224700076910821 0.5848899483680725 0.0010860299225897 0.0052896365523338 1.0000433921813965 -0.0240544713704378
0.1000000000000000 -0.0293031334877014 0.0000056980552472 -0.0275989904247298 0.7296840548515320 0.0006635880563408 0.0067864893935621 1.0000215768814087 -0.0293284882026269
0.1100000000000000 -0.0345554687082767 0.0000010121035530 -0.0331846860618564 0.9244571328163147 0.0000847600895213 0.0067345541901886 1.0000000000000000 -0.0347492827061435
0.1200000000000000 -0.0401283577084541 0.0000008920112577 -0.0388927919482444 0.9394438862800598 0.0000553946229047 0.0069167371839285 1.0000000000000000 -0.0402643763206235
0.1300000000000000 -0.0457364842295647 0.0000007074464747 -0.0446181483522117 0.9506621956825256 0.0000338195604854 0.0064164428040385 1.0000000000000000 -0.0458448972856193
0.1400000000000000 -0.0513953566551208 0.0000005506289540 -0.0503598109957184 0.9589169025421143 0.0000208454512176 0.0057196593843400 1.0000000000000000 -0.0514739660042165
0.1500000000000000 -0.0570821389555931 0.0000004502921342 -0.0561169376816084 0.9650546312332153 0.0000138195491672 0.0052603874355555 1.0000000000000000 -0.0571410765785480
0.1600000000000000 -0.0627647489309311 0.0000003596062470 -0.0618887730666451 0.9720889329910278 0.0000091284200607 0.0053057633340359 1.0000000000000000 -0.0628393096096628
0.1700000000000000 -0.0685246363282204 0.0000003199710648 -0.0676746361551504 0.9739875793457031 0.0000068142371674 0.0046944245696068 1.0000000000000000 -0.0685638782715394
0.1800000000000000 -0.0742777809500694 0.0000002740707714 -0.0734739099588812 0.9771871566772461 0.0000049675800255 0.0044530658051372 1.0000000000000000 -0.0743113282515238
0.1900000000000000 -0.0800495222210884 0.0000002504149279 -0.0792860328941023 0.9798215031623840 0.0000039078940972 0.0044842581264675 1.0000000000000000 -0.0800790749254125
0.2000000000000000 -0.0858403220772743 0.0000002226096854 -0.0851104915813440 0.9819269180297852 0.0000030210744626 0.0043278401717544 1.0000000000000000 -0.0858651233213454


