0.0300000000000000 -0.0025481644552201 0.0000000001706163 -0.0025431854806385 0.9996585249900818 0.0004204221186228 79.8339920043945312 1.0000000000000000 -0.0290382488143491
0.0400000000000000 -0.0045310342684388 0.0000000020756401 -0.0045123174654072 0.9988027811050415 0.0016176231438294 67.3777542114257812 1.0004255771636963 -0.0290382488143491
0.0700000000000000 -0.0138782504945993 0.0000001460134627 -0.0136922640430273 0.9895740151405334 0.0000473809195682 12941.9833984375000000 1.0083998441696167 -0.0165936353535299
0.1100000000000000 -0.0355709604918957 0.0000188537742360 -0.0331345829640012 0.8360399007797241 0.2384114414453506 6.9163799285888672 1.0438711643218994 -0.0290382488143491
0.1200000000000000 -0.0409138053655624 0.0000107711439341 -0.0388425430643677 0.8908830881118774 0.1029537245631218 6.4169483184814453 1.0297873020172119 -0.0290382488143491
0.1300000000000000 -0.0460405647754669 0.0000056941321418 -0.0445676189257660 0.9309087395668030 0.0429799817502499 6.0391883850097656 1.0164670944213867 -0.0290382488143491
0.1400000000000000 -0.0509556122124195 0.0000032998375445 -0.0503088221282177 0.9575927257537842 0.0203342642635107 6.8308687210083008 1.0000000000000000 -0.0290382488143491
0.1500000000000000 -0.0572185181081295 0.0000033021599393 -0.0560652646676692 0.9559525251388550 0.0161378197371960 5.5140242576599121 1.0099424123764038 -0.0290382488143491
0.1600000000000000 -0.0627097189426422 0.0000031500278510 -0.0618361443820297 0.9631932377815247 0.0128163602203131 6.0146393775939941 1.0042219161987305 -0.0290382488143491



