0.0300000000000000 -0.0025501826312393 0.0000000000150776 -0.0025436274709057 0.9997373819351196 0.0000001932001510 0.0241038613021374 1.0000013113021851 -0.0025501826312393
0.0400000000000000 -0.0045354766771197 0.0000000003205715 -0.0045131104210773 0.9986862540245056 0.0000012986669162 0.0333676747977734 1.0000001192092896 -0.0045354766771197
0.0500000000000000 -0.0070901117287576 0.0000000024251630 -0.0070339678007805 0.9963153004646301 0.0000040202544369 0.0300143640488386 1.0000007152557373 -0.0071041831050802
0.0600000000000000 -0.0102390674874187 0.0000004429693377 -0.0100978650189682 0.9812195897102356 0.0003521045437083 6993.5844726562500 1.0000001192092896 -0.0102951745214499
0.0700000000000000 -0.0141232311725616 0.0000029927000469 -0.0136948027678114 0.6196584701538086 0.0012502988101915 0.0080990148708224 1.0000882148742676 -0.0141809315419025
0.0800000000000000 -0.0187190417200327 0.0000033874212022 -0.0178132315133688 0.4817354083061218 0.0008056024671532 0.0027484665624797 1.0002140998840332 -0.0187320946973250
0.0900000000000000 -0.0237505044788122 0.0000329484137183 -0.0224401869521090 0.5600397586822510 0.0048675183206797 455.25787353515625 1.0000001192092896 -0.0237509812065877
0.1000000000000000 -0.0290379766374826 0.0000357792632713 -0.0275614447448437 0.7077719569206238 0.0035360420588404 680.64715576171875 1.0000000000000000 -0.0290382488143493
0.1100000000000000 -0.0342825539410114 0.0000023331097054 -0.0331411908973511 0.9230343103408813 0.0001654274383327 0.0142651321366429 1.0000000000000000 -0.0344778886870104
0.1300000000000000 -0.0453797280788422 0.0000037700790472 -0.0445744346612401 0.9667091369628906 0.0001525616680738 1243.3139648437500 1.0000000000000000 -0.0456077870569743
0.1400000000000000 -0.0510456524789333 0.0000026722455004 -0.0503157305087562 0.9716870188713074 0.0000854628960951 994.77014160156250 1.0000000000000000 -0.0512504209615224
0.1500000000000000 -0.0569265335798264 0.0000045094229790 -0.0560722457089758 0.9590733647346497 0.0001159605453722 785.78466796875000 1.0000000000000000 -0.0569288202897942
0.1600000000000000 -0.0625938996672630 0.0000035725395264 -0.0618431670579751 0.9696784615516663 0.0109419384971261 895.28326416015625 1.0000000000000000 -0.0625931099057198


