0.0100000000000000 -0.0002835970663000 0.0000000000000002 -0.0002835971396271 0.9998614192008972 0.0000000002058977 0.0107764648273587 1.0000000000000000 -0.0002837036981496
0.0200000000000000 -0.0011334348237142 0.0000000000000014 -0.0011334349409266 0.9998700618743896 0.0000000001094092 0.0064936834387481 1.0000000000000000 -0.0011351653876169
0.0300000000000000 -0.0025554993189871 0.0000000000394401 -0.0025466621633345 0.9995812177658081 0.0000006039290952 0.0402109511196613 1.0000000000000000 -0.0025559253351053
0.0400000000000000 -0.0045489287003875 0.0000001307976447 -0.0045185589433548 0.9834691882133484 0.0006320939282887 11849.197265625000 1.0000002384185791 -0.0045528413525762
0.0500000000000000 -0.0071509056724608 0.0000006858510346 -0.0070425856577494 0.4979177415370941 0.0013412436842918 0.5161885023117065 1.0000048875808716 -0.0071533695062217
0.0600000000000000 -0.0104148481041193 0.0000017123535372 -0.0101104523886791 0.4830164611339569 0.0015786562580615 0.0055940700694919 1.0000195503234863 -0.0104231045249893
0.0700000000000000 -0.0144027890637517 0.0000029560312669 -0.0137122099043736 0.4783900976181030 0.0014250031672418 0.0048042470589280 1.0001718997955322 -0.0144125917304871
0.0800000000000000 -0.0190079510211945 0.0000044473390517 -0.0178363631025952 0.5019066333770752 0.0012309193843976 0.0044019343331456 1.0001051425933838 -0.0190256335189548
0.0900000000000000 -0.0240550395101309 0.0000390682907891 -0.0224700076910822 0.5914987921714783 0.6751686334609985 337.18795776367187 1.0000000000000000 -0.0240544713704378
0.1000000000000000 -0.0293293949216604 0.0000401026409236 -0.0275989904247298 0.7376999258995056 0.4661940634250641 498.45327758789062 1.0000000000000000 -0.0293284882026269
0.1100000000000000 -0.0345659777522087 0.0000100911483969 -0.0331846860618564 0.9237267971038818 0.0844584181904793 659.26239013671875 1.0000001192092896 -0.0347492827061435
0.1200000000000000 -0.0402586311101913 0.0000128390256577 -0.0388927919482444 0.9220212101936340 0.0792162045836449 6.6357898712158203 1.0000000000000000 -0.0856827539862389
0.1300000000000000 -0.0458410866558552 0.0000086991785793 -0.0446181483522117 0.9388415813446045 0.0413969568908215 5.5706748962402344 1.0000000000000000 -0.0856827539862389
0.1400000000000000 -0.0513953566551208 0.0000005506289540 -0.0503598109957184 0.9589169025421143 0.0000208454512176 0.0057196593843400 1.0000000000000000 -0.0514739660042165
0.1500000000000000 -0.0570821389555931 0.0000004502921342 -0.0561169376816084 0.9650546312332153 0.0000138195491672 0.0052603874355555 1.0000000000000000 -0.0571410765785480
0.1600000000000000 -0.0627647489309311 0.0000003596062470 -0.0618887730666451 0.9720889329910278 0.0000091284200607 0.0053057633340359 1.0000000000000000 -0.0628393096096628
0.1700000000000000 -0.0685246363282204 0.0000003199710648 -0.0676746361551504 0.9739875793457031 0.0000068142371674 0.0046944245696068 1.0000000000000000 -0.0685638782715394
0.1800000000000000 -0.0742777809500694 0.0000002740707714 -0.0734739099588812 0.9771871566772461 0.0000049675800255 0.0044530658051372 1.0000000000000000 -0.0743113282515238
0.1900000000000000 -0.0800495222210884 0.0000002504149279 -0.0792860328941023 0.9798215031623840 0.0000039078940972 0.0044842581264675 1.0000000000000000 -0.0800790749254125
0.2000000000000000 -0.0858403220772743 0.0000002226096854 -0.0851104915813440 0.9819269180297852 0.0000030210744626 0.0043278401717544 1.0000000000000000 -0.0858651233213454
