0.0300000000000000 -0.0025506289675832 0.0000000002608053 -0.0025436274709056 0.9996172785758972 0.0004810643440578 49.2098007202148438 1.0000000000000000 -0.002550679663509
0.0400000000000000 -0.0045534744858742 0.0000000390674053 -0.0045131104210773 0.9937987923622131 0.0001570173044456 21224.80468750000000 1.0026658773422241 -0.004553474485872
0.0500000000000000 -0.0071040266193449 0.0000041270191105 -0.0070339678007805 0.5032332539558411 0.9813152551651001 3.8976380825042725 1.0000001192092896 -0.0071041831050802
0.0600000000000000 -0.0102943815290928 0.0000084798602984 -0.0100978650189681 0.4929375946521759 0.9602170586585999 3.5995695590972900 1.0000000000000000 -0.0102951745214499
0.0700000000000000 -0.0141808791086078 0.0000146919501276 -0.0136948027678114 0.4811198115348816 0.8767068982124329 3.0587384700775146 1.0000001192092896 -0.0141809315419025
0.0800000000000000 -0.0187320504337549 0.0000231133326452 -0.0178132315133688 0.4913482964038849 0.7904477715492249 2.7850964069366455 1.0000000000000000 -0.0187320946973250
0.0900000000000000 -0.0237481836229563 0.0000330006223521 -0.0224401869521090 0.5823770165443420 0.0048761838115752 500.0574340820312500 1.0000026226043701 -0.0237509812065877
0.1000000000000000 -0.0290380399674177 0.0000356082855433 -0.0275614447448436 0.7075880765914917 0.5067545771598816 4.6978921890258789 1.0000000000000000 -0.0290382488143493
0.1100000000000000 -0.0344629399478436 0.0000130364960569 -0.0331411908973511 0.8899966478347778 0.1317156702280045 6.3406147956848145 1.0000000000000000 -0.0344778886870104
0.1200000000000000 -0.0400030799210072 0.0000096762969406 -0.0388492558964565 0.9176558852195740 0.0725610554218292 6.1289482116699219 1.0000000000000000 -0.0400112440432813
0.1300000000000000 -0.0456031113862991 0.0000074134850365 -0.0445744346612401 0.9360380768775940 0.0427774339914322 5.9102897644042969 1.0000000000000000 -0.0456077870569743
0.1400000000000000 -0.0512474663555622 0.0000057659599406 -0.0503157305087562 0.9488374590873718 0.0263455975800753 5.6272706985473633 1.0000000000000000 -0.0512474663555622
0.1500000000000000 -0.0569262988865376 0.0000047808484851 -0.0560722457089758 0.9580810070037842 0.0177035499364138 5.5871405601501465 1.0000000000000000 -0.0569288202897942
0.1600000000000000 -0.0625931099057198 0.0000032284483495 -0.0618431670579752 0.9697554111480713 0.0000686688072165 812.4888916015625000 1.0000000000000000 -0.0625931099057198

