0.0200000000000000 -0.0011330321431160 0.0000000000061546 -0.0011334349409266 0.9979168772697449 0.0000004794198389 0.1604837030172348   1.0000000000000000 -0.0011334349409266
0.0300000000000000 -0.0025554732419550 0.0000000006615670 -0.0025466621633346 0.9974917173385620 0.0000101305076896 0.2864109873771667   1.0000001192092896 -0.0025559253351052
0.0400000000000000 -0.0045491708442569 0.0000001839526504 -0.0045185589433548 0.9770822525024414 0.0888876765966415 102.1913909912109375 1.0000000000000000 -0.0045528413525762
0.0500000000000000 -0.0071534528397024 0.0000051691849876 -0.0070425856577494 0.4969657659530640 1.0101611614227295 3.8726472854614258   1.0000000000000000 -0.0071533695062217
0.0600000000000000 -0.0104230651631951 0.0000102198755485 -0.0101104523886791 0.4903056025505066 0.9407077431678772 3.4205915927886963   1.0000000000000000 -0.0104231045249893
0.0700000000000000 -0.0144124329090118 0.0000178804075404 -0.0137122099043736 0.4897662699222565 0.8608010411262512 3.0183796882629395   1.0000000000000000 -0.0144125917304871
0.0800000000000000 -0.0190256591886282 0.0000279544528894 -0.0178363631025952 0.5134212970733643 0.7722742557525635 2.8706824779510498   1.0000000000000000 -0.0190256335189548
0.0900000000000000 -0.0240543503314257 0.0000388751177525 -0.0224700076910822 0.5914617180824280 0.6718687415122986 3.3551206588745117   1.0000000000000000 -0.0240544713704378
0.1000000000000000 -0.0293284840881824 0.0000402155965276 -0.0275989904247298 0.7376718521118164 0.4675362408161163 4.9987244606018066   1.0000000000000000 -0.0293284882026269
0.1100000000000000 -0.0347181819379330 0.0000142712669913 -0.0331846860618564 0.9007534980773926 0.1183991506695747 6.1259951591491699   1.0000000000000000 -0.0347492827061435
0.1200000000000000 -0.0402586311101913 0.0000128390256577 -0.0388927919482444 0.9220212101936340 0.0792162045836449 6.6357898712158203   1.0000000000000000 -0.0402643763206235
0.1300000000000000 -0.0458410866558552 0.0000086991785793 -0.0446181483522117 0.9388415813446045 0.0413969568908215 5.5706748962402344   1.0000000000000000 -0.0458448972856193
0.1400000000000000 -0.0514717809855938 0.0000068233171078 -0.0503598109957183 0.9506677985191345 0.0257547404617071 5.2756471633911133   1.0000000000000000 -0.0514739660042165
0.1500000000000000 -0.0571396276354790 0.0000053989933804 -0.0561169376816084 0.9600102901458740 0.0001653628569329 505.9071350097656250 1.0000000000000000 -0.0571410765785480
0.1600000000000000 -0.0628383457660675 0.0000045907813728 -0.0618887730666450 0.9654626846313477 0.0001162618209491 481.7266540527343750 1.0000000000000000 -0.0628393096096628
