0.0050000000000000 -0.0000708151055733 0.0000000000000011 -0.0000708187862385 0.9999723434448242 0.0000045100382522 3046321.0000000000000000 1.0000000000000000 -0.0065156765556212
0.0150000000000000 -0.0006370053160936 0.0000000000000005 -0.0006370086464837 0.9999760389328003 0.0000000270956590 30627.3535156250000000 1.0000000000000000 -0.0065156765556212
0.0250000000000000 -0.0017674574628472 0.0000000000000027 -0.0017674701926518 0.9999759197235107 0.0000000170052452 40666.8593750000000000 1.0000040531158447 -0.0065156765556212
0.0350000000000000 -0.0034583588130772 0.0000000000000027 -0.0034583869047631 0.9999804496765137 0.0000000044475659 -5262.6440429687500000 1.0000073909759521 -0.0065156765556212
0.0450000000000000 -0.0057226554490626 0.0000000003969642 -0.0057040838541670 0.9983808398246765 0.0002424298290862 4107.5336914062500000 1.0000001192092896 -0.0065156765556212
0.0500000000000000 -0.0070486431941390 0.0000000000632395 -0.0070327078049088 0.9992905855178833 0.0000254570277320 2.8892743587493896 1.0000002384185791 -0.0081735410263021
0.0550000000000000 -0.0085172671824694 0.0000000010257799 -0.0084970882120260 0.9990853071212769 0.0002828027645592 10507.4443359375000000 1.0000000000000000 -0.0065156765556212
0.0600000000000000 -0.0101084308698773 0.0000000001633429 -0.0100960234282810 0.9996633529663086 0.0000319714781654 13.1268596649169922 1.0000029802322388 -0.0081735410263021
0.0650000000000000 -0.0119053339585662 0.0000000150084958 -0.0118282107949353 0.9936698079109192 0.0021177954040468 12.9968128204345703 1.0000023841857910 -0.0081735410263021
0.0700000000000000 -0.0138346571475267 0.0000000121275017 -0.0136922503520365 0.9861923456192017 0.0012672566808760 2.7355949878692627 1.0025078058242798 -0.0081735410263021
0.0700000000000000 -0.0135386083275080 0.0000001184037686 -0.0136922503520365 0.9415975809097290 0.0129195526242256 5.7329649925231934 1.0000000000000000 -0.5931998848013297
0.0750000000000000 -0.0157358348369598 0.0000000098539150 -0.0156866488725182 0.9982865452766418 0.0007959012873471 13624.4189453125000000 1.0000000000000000 -0.0065156765556212
0.0800000000000000 -0.0179219134151936 0.0000000061842713 -0.0178098242104014 0.9931139349937439 0.0003850789507851 2.2450134754180908 1.0000000000000000 -0.0081735410263021
0.0850000000000000 -0.0202165599912405 0.0000000351992924 -0.0200601099495187 0.9907826185226440 0.0017224609619007 2416.8662109375000000 1.0000001192092896 -0.0065156765556212
0.0950000000000000 -0.0251780450344086 0.0000001532392275 -0.0249349554660173 0.9828791618347168 0.0048345490358770 2732.9291992187500000 1.0000023841857910 -0.0065156765556212
0.1000000000000000 -0.0277948193252087 0.0000000633468176 -0.0275558067223184 0.9828429818153381 0.0000040998415898 0.0062530916184187 1.0000000000000000 -0.0034814127687199
0.1050000000000000 -0.0304158143699169 0.0000000205254125 -0.0302963623965140 0.9961699247360229 0.0004437342868187 2970.0209960937500000 1.0000114440917969 -0.0065156765556212
0.1100000000000000 -0.0338246002793312 0.0000050942103371 -0.0331345415809727 0.9201439619064331 0.0890515595674515 9.1542453765869141 1.0000000000000000 -0.0273048535592513
0.1250000000000000 -0.0422419048845768 0.0000003645528466 -0.0417029616391097 0.9504772424697876 0.0040860483422875 430.2656250000000000 1.0000005960464478 -0.0065156765556212
0.1300000000000000 -0.0469074398279190 0.0000078055136328 -0.0445675736638044 0.9010001420974731 0.0709492787718773 5.8667507171630859 1.0385031700134277 -0.0273048535592513
0.1400000000000000 -0.0520735308527946 0.0000051619276746 -0.0503087746446307 0.9494527578353882 0.0380721911787987 11.0308923721313477 1.0271184444427490 -0.0273048535592513
0.1500000000000000 -0.0585029311478138 0.0000067595306064 -0.0560652149674995 0.9407839179039001 0.0394994691014290 8.4875898361206055 1.0332231521606445 -0.0273048535592513
0.1600000000000000 -0.0622814968228340 0.0000018525746555 -0.0618360927700799 0.9697750806808472 0.0095518529415131 6.9174833297729492 1.0000000000000000 -0.0273048535592513
oo


0.1400000000000000 -0.0507765822112560 0.0000002317942176 -0.0503087746446306 0.9644609689712524 0.0017980661941692 364.5584106445312500 1.0000008344650269 -0.0065156765556212
0.1400000000000000 -0.0508054494857788 0.0000001822650830 -0.0503087746446306 0.9598662257194519 0.0014122541761026 230.3982086181640625 1.0000013113021851 -0.0065156765556212
0.0050000000000000 -0.0000708120496711 0.0000000000000016 -0.0000708187862385 0.9999704360961914 0.0000063645666160 591014.7500000000000000 1.0000000000000000 -0.0065156765556212
0.0150000000000000 -0.0006369712064043 0.0000000000000040 -0.0006370086464837 0.9999763965606689 0.0000001960170835 63793.9140625000000000 1.0000000000000000 -0.0065156765556212
0.0250000000000000 -0.0017674462869763 0.0000000000000052 -0.0017674701926518 0.9999788999557495 0.0000000332671490 316040.4375000000000000 1.0000011920928955 -0.0065156765556212
0.0350000000000000 -0.0034581564832479 0.0000000000000078 -0.0034583869047631 0.9999904632568359 0.0000000130015616 1168.6331787109375000 1.0000095367431641 -0.0065156765556212
0.0450000000000000 -0.0057093510404229 0.0000000000307375 -0.0057040838541670 0.9999130368232727 0.0000188592730410 7403.2504882812500000 1.0000000000000000 -0.0065156765556212
0.0550000000000000 -0.0085111027583480 0.0000000003597876 -0.0084970882120260 0.9996808171272278 0.0000993354988168 10290.3710937500000000 1.0000000000000000 -0.0065156765556212
0.0650000000000000 -0.0118559263646603 0.0000000008553250 -0.0118282107949354 0.9993609189987183 0.0001216998862219 5501.5756835937500000 1.0000000000000000 -0.0065156765556212
0.0750000000000000 -0.0156880076974630 0.0000000000763980 -0.0156866488725181 0.9999860525131226 0.0000062083504417 245490.0000000000000000 1.0000001192092896 -0.0065156765556212
0.0850000000000000 -0.0201471485197544 0.0000000132836178 -0.0200601099495187 0.9962561726570129 0.0006545143551193 4047.3789062500000000 1.0000017881393433 -0.0065156765556212
0.0950000000000000 -0.0250269975513220 0.0000000175888939 -0.0249349554660173 0.9967468380928040 0.0005616309936158 4695.5932617187500000 1.0000015497207642 -0.0065156765556212
0.1050000000000000 -0.0305657982826233 0.0000001746814320 -0.0302963623965140 0.9845573902130127 0.0037394287064672 2578.8071289062500000 1.0000355243682861 -0.0065156765556212
0.1150000000000000 -0.0365201421082020 0.0000004823043582 -0.0359863151170675 0.9498543739318848 0.0072324639186263 706.0278930664062500 1.0000010728836060 -0.0065156765556212
0.1250000000000000 -0.0420510433614254 0.0000001926573532 -0.0417029616391097 0.9795841574668884 0.0021790240425617 1071.9143066406250000 1.0000036954879761 -0.0065156765556212
0.1350000000000000 -0.0475385896861553 0.0000000579494959 -0.0474362159180282 0.9975855350494385 0.0005128461052664 9874.3710937500000000 1.0000041723251343 -0.0065156765556212
0.1450000000000000 -0.0533953234553337 0.0000000534272750 -0.0531851418685195 0.9929671287536621 0.0003747887967620 1252.5341796875000000 1.0000002384185791 -0.0065156765556212
0.1550000000000000 -0.0591538436710835 0.0000000814094108 -0.0589488962835525 0.9932047128677368 0.0004653060168494 1777.7656250000000000 1.0000005960464478 -0.0065156765556212
0.1650000000000000 -0.0648954138159752 0.0000000595531873 -0.0647267156711804 0.9948137402534485 0.0002828179858625 1874.3778076171875000 1.0000001192092896 -0.0065156765556212
0.1750000000000000 -0.0706714540719986 0.0000000436191030 -0.0705179054198065 0.9962107539176941 0.0001746701454977 1971.1486816406250000 1.0000001192092896 -0.0065156765556212
0.1850000000000000 -0.0764884501695633 0.0000000472235904 -0.0763218308137679 0.9951421618461609 0.0001614348439034 1308.7303466796875000 1.0000009536743164 -0.0065156765556212
0.1950000000000000 -0.0824177861213684 0.0000000982688135 -0.0821379095304448 0.9888387918472290 0.0002893368946388 549.3609008789062500 1.0000001192092896 -0.0065156765556212
0.0050000000000000 -0.0000708151055733 0.0000000000000011 -0.0000708187862385 0.9999723434448242 0.0000045100382522 3046321.0000000000000000 1.0000000000000000 -0.0065156765556212
0.0150000000000000 -0.0006370053160936 0.0000000000000005 -0.0006370086464837 0.9999760389328003 0.0000000270956590 30627.3535156250000000 1.0000000000000000 -0.0065156765556212
0.0250000000000000 -0.0017674574628472 0.0000000000000027 -0.0017674701926518 0.9999759197235107 0.0000000170052452 40666.8593750000000000 1.0000040531158447 -0.0065156765556212
0.0350000000000000 -0.0034583588130772 0.0000000000000027 -0.0034583869047631 0.9999804496765137 0.0000000044475659 -5262.6440429687500000 1.0000073909759521 -0.0065156765556212
0.0450000000000000 -0.0057226554490626 0.0000000003969642 -0.0057040838541670 0.9983808398246765 0.0002424298290862 4107.5336914062500000 1.0000001192092896 -0.0065156765556212
0.0550000000000000 -0.0085172671824694 0.0000000010257799 -0.0084970882120260 0.9990853071212769 0.0002828027645592 10507.4443359375000000 1.0000000000000000 -0.0065156765556212
0.0650000000000000 -0.0118491062894464 0.0000000002656708 -0.0118282107949354 0.9993436932563782 0.0000378444892704 2589.0444335937500000 1.0000004768371582 -0.0065156765556212
0.0750000000000000 -0.0157358348369598 0.0000000098539150 -0.0156866488725182 0.9982865452766418 0.0007959012873471 13624.4189453125000000 1.0000000000000000 -0.0065156765556212
0.0850000000000000 -0.0202165599912405 0.0000000351992924 -0.0200601099495187 0.9907826185226440 0.0017224609619007 2416.8662109375000000 1.0000001192092896 -0.0065156765556212
0.0950000000000000 -0.0251780450344086 0.0000001532392275 -0.0249349554660173 0.9828791618347168 0.0048345490358770 2732.9291992187500000 1.0000023841857910 -0.0065156765556212
0.1050000000000000 -0.0304158143699169 0.0000000205254125 -0.0302963623965140 0.9961699247360229 0.0004437342868187 2970.0209960937500000 1.0000114440917969 -0.0065156765556212
0.1150000000000000 -0.0363180823624134 0.0000002212474612 -0.0359863151170675 0.9802253246307373 0.0033547678031027 1626.8618164062500000 1.0000005960464478 -0.0065156765556212
0.1250000000000000 -0.0422419048845768 0.0000003645528466 -0.0417029616391097 0.9504772424697876 0.0040860483422875 430.2656250000000000 1.0000005960464478 -0.0065156765556212
0.1350000000000000 -0.0478543713688850 0.0000002823789771 -0.0474362159180282 0.9706578850746155 0.0024661479983479 689.5634155273437500 1.0000005960464478 -0.0065156765556212
0.1450000000000000 -0.0535143390297890 0.0000001391879749 -0.0531851418685196 0.9819490313529968 0.0009720562375151 670.1574707031250000 1.0000005960464478 -0.0065156765556212
0.1550000000000000 -0.0590530745685101 0.0000000096310213 -0.0589488962835525 0.9976232647895813 0.0000552353776584 1292.5528564453125000 1.0000019073486328 -0.0065156765556212
0.1650000000000000 -0.0651447325944901 0.0000001224053250 -0.0647267156711804 0.9730566143989563 0.0005768616683781 209.4004974365234375 1.0000007152557373 -0.0065156765556212
0.1750000000000000 -0.0707824975252151 0.0000001602557660 -0.0705179054198064 0.9876354932785034 0.0006397228571586 992.9738769531250000 1.0000005960464478 -0.0065156765556212
0.1850000000000000 -0.0766960754990578 0.0000000915521170 -0.0763218308137678 0.9794314503669739 0.0003112806589343 193.8407287597656250 1.0000004768371582 -0.0065156765556212
0.1950000000000000 -0.0822431892156601 0.0000000173812804 -0.0821379095304448 0.9975017905235291 0.0000513939376106 1444.2176513671875000 1.0000020265579224 -0.0065156765556212
0.1050000000000000 -0.0304057262837887 0.0000000073507191 -0.0302963623965140 0.9968281984329224 0.0001590190222487 1393.0585937500000000 1.0000002384185791 -0.0065156765556212
0.1050000000000000 -0.0309261325746775 0.0000004749768721 -0.0302963623965139 0.9241939783096313 0.0099323326721787 443.6327514648437500 1.0000098943710327 -0.0065156765556212
0.0500000000000000 -0.0070623047649860 0.0000000008560714 -0.0070327078049088 0.9972138404846191 0.0003432789235376 2830.4157714843750000 1.0000002384185791 -0.0065156765556212
0.0600000000000000 -0.0101454863324761 0.0000000030234333 -0.0100960234282810 0.9965174794197083 0.0005874685593881 3377.9475097656250000 1.0000002384185791 -0.0065156765556212
0.0700000000000000 -0.0137952072545886 0.0000000272950427 -0.0136922503520365 0.9891315698623657 0.0028685161378235 3445.9074707031250000 1.0000017881393433 -0.0065156765556212
0.0800000000000000 -0.0178823731839657 0.0000000163846021 -0.0178098242104014 0.9963806271553040 0.0010247444733977 6999.9311523437500000 1.0000091791152954 -0.0065156765556212
0.0500000000000000 -0.0070381797850132 0.0000000000013329 -0.0070327078049088 0.9998496770858765 0.0000005381346568 250.1605377197265625 1.0000000000000000 -0.0320245696184775
0.0600000000000000 -0.0101582426577806 0.0000000037290722 -0.0100960234282810 0.9939299225807190 0.0007227591704577 1956.4016113281250000 1.0000015497207642 -0.0320245696184775
0.0700000000000000 -0.0138033796101809 0.0000000080766061 -0.0136922503520365 0.9901233315467834 0.0008477894589305 1065.3179931640625000 1.0000052452087402 -0.0320245696184775
0.0800000000000000 -0.0180157255381346 0.0000000386580439 -0.0178098242104014 0.9770960807800293 0.0023821350187063 821.1154785156250000 1.0000009536743164 -0.0320245696184775
0.0900000000000000 -0.0224987007677555 0.0000000004464594 -0.0224357603350623 0.9980118870735168 0.0000176399389602 308.9589233398437500 1.0000011920928955 -0.0320245696184775
0.1000000000000000 -0.0276621486991644 0.0000000070321153 -0.0275558067223184 0.9961209297180176 0.0001837994204834 1237.5319824218750000 1.0000002384185791 -0.0320245696184775
0.1100000000000000 -0.0333452410995960 0.0000000225544099 -0.0331345415809727 0.9900086522102356 0.0004056894686073 614.6568603515625000 1.0000001192092896 -0.0320245696184775
0.1200000000000000 -0.0391844734549522 0.0000001573288984 -0.0388424998578877 0.9819354414939880 0.0020493231713772 1155.5524902343750000 1.0000003576278687 -0.0320245696184775
0.1300000000000000 -0.0450506284832954 0.0000001247500023 -0.0445675736638044 0.9630816578865051 0.0012293310137466 220.3266906738281250 1.0000004768371582 -0.0320245696184775
0.1400000000000000 -0.0504326708614826 0.0000000234832154 -0.0503087746446306 0.9965701699256897 0.0001846560917329 2139.4821777343750000 1.0000022649765015 -0.0320245696184775
0.1500000000000000 -0.0562100932002068 0.0000000841182768 -0.0560652149674994 0.9953048229217529 0.0005324658704922 4046.4362792968750000 1.0000015497207642 -0.0320245696184775



