0.0500000000000000 -0.0070623047649860 0.0000000008560714 -0.0070327078049088 0.9972138404846191 0.0003432789235376 2830.4157714843750000 1.0000002384185791 -0.0065156765556212
0.0600000000000000 -0.0101582426577806 0.0000000037290722 -0.0100960234282810 0.9939299225807190 0.0007227591704577 1956.4016113281250000 1.0000015497207642 -0.0320245696184775
0.0700000000000000 -0.0138033796101809 0.0000000080766061 -0.0136922503520365 0.9901233315467834 0.0008477894589305 1065.3179931640625000 1.0000052452087402 -0.0320245696184775
0.0800000000000000 -0.0180157255381346 0.0000000386580439 -0.0178098242104014 0.9770960807800293 0.0023821350187063 821.1154785156250000 1.0000009536743164 -0.0320245696184775
0.0900000000000000 -0.0224987007677555 0.0000000004464594 -0.0224357603350623 0.9980118870735168 0.0000176399389602 308.9589233398437500 1.0000011920928955 -0.0320245696184775
0.1000000000000000 -0.0277948193252087 0.0000000633468176 -0.0275558067223184 0.9828429818153381 0.0000040998415898 0.0062530916184187 1.0000000000000000 -0.0034814127687199
0.1100000000000000 -0.0338246002793312 0.0000050942103371 -0.0331345415809727 0.9201439619064331 0.0890515595674515 9.1542453765869141 1.0000000000000000 -0.0273048535592513
0.1200000000000000 -0.0400929749011993 0.0000061995797296 -0.0388424998578878 0.9101749658584595 0.0771357491612434 6.9664030075073242 1.0150301456451416 -0.0273048535592513
0.1300000000000000 -0.0459185130894184 0.0000065702433858 -0.0445675736638044 0.9370779991149902 0.0623212009668350 11.5310115814208984 1.0191236734390259 -0.0273048535592513
0.1400000000000000 -0.0508054494857788 0.0000001822650830 -0.0503087746446306 0.9598662257194519 0.0014122541761026 230.3982086181640625 1.0000013113021851 -0.0065156765556212
0.1500000000000000 -0.0565451011061668 0.0000022698200155 -0.0560652149674995 0.9640803337097168 0.0141981402412057 2920.6967773437500000 1.0000039339065552 -0.0431126767178403
0.1600000000000000 -0.0630220100283623 0.0000040620197979 -0.0618360927700799 0.9649937748908997 0.0204544365406036 11.4112939834594727 1.0111657381057739 -0.0273048535592513





