0.0050000000000000 -0.0000708120569470 0.0000000000000005 -0.0000708188756064 0.9999742507934570 0.0000032734526485 592725.6250000000000000 1.0000000000000000 -0.0514739660042165
0.0150000000000000 -0.0006369987386279 0.0000000000000005 -0.0006370094512076 0.9999747276306152 0.0000000373049858 465726.3125000000000000 1.0000000000000000 -0.0514739660042165
0.0250000000000000 -0.0017674724804237 0.0000000000000005 -0.0017674724302765 0.9999862909317017 nan nan 1.0000137090682983 -0.0514739660042165
0.0350000000000000 -0.0034582847729325 0.0000000000000021 -0.0034583912971231 0.9999855160713196 0.0000000051506852 15654.0419921875000000 1.0000008344650269 -0.0514739660042165
0.0450000000000000 -0.0057039875537157 0.0000000000000045 -0.0057040911293104 0.9999898672103882 0.0000000041060870 28766.7343750000000000 1.0000033378601074 -0.0514739660042165
0.0550000000000000 -0.0085031948983669 0.0000000000231191 -0.0084970991058579 0.9997704625129700 0.0000095924024208 9653.1914062500000000 1.0000004768371582 -0.0514739660042165
0.0650000000000000 -0.0118402279913425 0.0000000000921327 -0.0118282260524746 0.9995084404945374 0.0000197158296942 7839.5668945312500000 1.0000003576278687 -0.0514739660042165
0.0750000000000000 -0.0156906209886074 0.0000000001018186 -0.0156866692486851 0.9999580383300781 0.0000124070329548 137040.4218750000000000 1.0000083446502686 -0.0514739660042165
0.0850000000000000 -0.0200860872864723 0.0000000017854839 -0.0200601362094815 0.9989653229713440 0.0001327658828814 22137.0468750000000000 1.0000016689300537 -0.0514739660042165
0.0950000000000000 -0.0249784477055073 0.0000000023413951 -0.0249349883853574 0.9982936978340149 0.0001125809940277 8554.3964843750000000 1.0000015497207642 -0.0514739660042165
0.1050000000000000 -0.0303702820092440 0.0000000151658988 -0.0302964027617100 0.9967470765113831 0.0004932780284435 13778.9570312500000000 1.0000011920928955 -0.0514739660042165
0.1150000000000000 -0.0359879396855831 0.0000000000037056 -0.0359863567499491 0.9999866485595703 0.0000000858348201 23432.1816406250000000 1.0000000000000000 -0.0514739660042165
0.1250000000000000 -0.0417022593319416 0.0000000001448353 -0.0417030029003880 0.9999923706054688 0.0000024984840366 9910525.0000000000000000 1.0000047683715820 -0.0514739660042165
0.1350000000000000 -0.0474680438637733 0.0000000020693127 -0.0474362568350370 0.9993125200271606 0.0000275514630630 13620.8388671875000000 1.0000061988830566 -0.0514739660042165
