0.0200000000000000 -0.0012183486251161 0.0000000765615695 -0.0012123408477455 0.9090879559516907 0.0087470933794975 0.1432909518480301 1.0000000000000000 -0.0012197268265621
0.0300000000000000 -0.0027804786805063 0.0000012024833040 -0.0027256761981350 0.5013427734375000 0.0259231999516487 129.9172210693359375 1.0000073909759521 -0.0027807429071751
0.0400000000000000 -0.0050678192637861 0.0000035465247947 -0.0048405190171813 0.4993763566017151 0.0230149254202843 109.0296554565429688 1.0000002384185791 -0.0050679628603157
0.0500000000000000 -0.0081733921542764 0.0000082488804765 -0.0075532088167881 0.5026046633720398 0.0205797012895346 92.9974822998046875 1.0000002384185791 -0.0081735410263021
0.0600000000000000 -0.0120754363015294 0.0000157426129590 -0.0108592649533145 0.5213842391967773 0.0179936774075031 82.6241226196289062 1.0000001192092896 -0.0120744406139424
0.0700000000000000 -0.0165944416075945 0.0000262333724095 -0.0147535363127136 0.5704628229141235 0.0158773362636566 84.7302017211914062 1.0000001192092896 -0.0165936353535299
0.0800000000000000 -0.0215234234929085 0.0000370896195818 -0.0192303643213036 0.6591349840164185 0.0133437672629952 102.3867416381835938 1.0000001192092896 -0.0215232360048010
0.0900000000000000 -0.0267144981771708 0.0000361036363756 -0.0242837498709752 0.7931852340698242 0.0084315147250891 140.3739013671875000 1.0000000000000000 -0.0267132277261482
0.1000000000000000 -0.0320713110268116 0.0000120673348647 -0.0298722646718775 0.9154309034347534 0.0703929513692856 116.7375869750976562 1.0000000000000000 -0.0320731070845601
0.1100000000000000 -0.0375495553016663 0.0000094337310657 -0.0355974640957349 0.9346705079078674 0.0401444174349308 111.3591461181640625 1.0000000000000000 -0.0375501020977718
0.1200000000000000 -0.0431123971939087 0.0000075620732787 -0.0413480863539102 0.9481309056282043 0.0244111251085997 106.8965377807617188 1.0000000000000000 -0.0431126767178403
0.1300000000000000 -0.0487404912710190 0.0000062304802668 -0.0471230396477476 0.9577378630638123 0.0157359484583139 103.3256988525390625 1.0000000000000000 -0.0487411512240609
0.1400000000000000 -0.0544221512973309 0.0000050851008382 -0.0529213197742724 0.9648103117942810 0.0103014744818211 97.1109542846679688 1.0000000000000000 -0.0544226613512662
0.1500000000000000 -0.0601480007171631 0.0000044346647883 -0.0587419976792710 0.9701443314552307 0.0073547791689634 95.9408569335937500 1.0000001192092896 -0.0601484195609939
0.1600000000000000 -0.0659102201461792 0.0000041593189053 -0.0645842094386492 0.9723803400993347 0.0057447077706456 92.8979568481445312 1.0000000000000000 -0.0659121780304160

