0.0100000000000000 -0.0003034003893845 0.0000000000032996 -0.0003032259726287 0.9998214244842529 0.0000059742019403 10.5270252227783203 1.0000000000000000 -0.0003035302384398
0.0150000000000000 -0.0006836354150437 0.0000000226955645 -0.0006821261900827 0.9161959886550903 0.2913688421249390 1423.9705810546875000 1.0000000000000000 -0.0006840106049615
0.0200000000000000 -0.0012163972714916 0.0000000000058023 -0.0012123408477455 0.9998573660850525 0.0000006535805710 0.0540694855153561 1.0000001192092896 -0.0012197268265621
0.0250000000000000 -0.0019085742533207 0.0000000878382949 -0.0018936270173623 0.9596114158630371 0.1446828395128250 2269.7753906250000000 1.0000001192092896 -0.0019157640679752
0.0300000000000000 -0.0027570391539484 0.0000000947314120 -0.0027256761981350 0.9785867333412170 0.0747755169868469 2541.5231933593750000 1.0000001192092896 -0.0027807429071751
0.0350000000000000 -0.0037640638183802 0.0000000741979633 -0.0037081171100702 0.9896660447120667 0.0314216688275337 1803.6428222656250000 1.0000003576278687 -0.0038268319984448
0.0400000000000000 -0.0050676013343036 0.0000006257928362 -0.0048405190171813 0.4998637735843658 0.0040613878518343 0.0148749714717269 1.0000095367431641 -0.0050679628603157
0.0450000000000000 -0.0065148943103850 0.0000010231403849 -0.0061223955283971 0.4994238317012787 0.0040176231414080 0.0142665654420853 1.0000655651092529 -0.0065156765556212
0.0500000000000000 -0.0081575205549598 0.0000077007534856 -0.0075532088167881 0.6306833028793335 0.6943334937095642 144.4344024658203125 1.0000001192092896 -0.0081735410263021
0.0550000000000000 -0.0095447739586234 0.0000027173473427 -0.0091323741916544 0.9388110637664795 0.1789637655019760 622.5560913085937500 1.0000177621841431 -0.0100331221403462
0.0600000000000000 -0.0112834582105279 0.0000009504799436 -0.0108592649533144 0.9722369909286499 0.0447929613292217 389.8700866699218750 1.0000030994415283 -0.0120744406139424
0.0650000000000000 -0.0142705915495753 0.0000219154044316 -0.0127332174572487 0.5410374402999878 0.6456791758537292 86.8546066284179688 1.0000021457672119 -0.0142706331207312
0.0700000000000000 -0.0162127781659365 0.0000314827084367 -0.0147535363127136 0.7269275784492493 0.7186351418495178 225.7321624755859375 1.0000154972076416 -0.0165936353535299
0.0750000000000000 -0.0190183743834496 0.0000320206672768 -0.0169194996411127 0.6093029379844666 0.5311716198921204 91.1830139160156250 1.0000045299530029 -0.0190181396343487
0.0800000000000000 -0.0214151386171579 0.0000371723690478 -0.0192303643213036 0.6911080479621887 0.4863284826278687 121.5991821289062500 1.0000106096267700 -0.0215232360048010
0.0850000000000000 -0.0240923110395670 0.0000396003451897 -0.0216853711525604 0.7200555205345154 0.4093485772609711 119.0069198608398438 1.0000034570693970 -0.0240924753332188
0.0900000000000000 -0.0267112199217081 0.0000365054365830 -0.0242837498709751 0.7929422855377197 0.3069879710674286 141.7721557617187500 1.0000010728836060 -0.0267132277261482
0.0950000000000000 -0.0293739791959524 0.0000210886846617 -0.0270247239614668 0.8793609142303467 0.1466476619243622 144.7513885498046875 1.0000015497207642 -0.0293758794953702
0.1000000000000000 -0.0319173298776150 0.0000098568934845 -0.0298722646718775 0.9284142851829529 0.0580548159778118 121.7534942626953125 1.0000001192092896 -0.0320731070845601
0.1050000000000000 -0.0346687138080597 0.0000086117743194 -0.0327316144688019 0.9364789128303528 0.0429900959134102 115.3246459960937500 1.0000033378601074 -0.0347992961631959
0.1100000000000000 -0.0374378971755505 0.0000077481963672 -0.0355974640957350 0.9432259798049927 0.0331687405705452 112.2257080078125000 1.0000000000000000 -0.0375501020977718
0.1150000000000000 -0.0402248762547970 0.0000070254168349 -0.0384696678264314 0.9489953517913818 0.0260515697300434 109.7917861938476562 1.0000000000000000 -0.0403221257624299
0.1200000000000000 -0.0430287234485149 0.0000065164008447 -0.0413480863539101 0.9538950324058533 0.0211174823343754 109.4425430297851562 1.0000011920928955 -0.0431126767178403
0.1250000000000000 -0.0458472557365894 0.0000058951695792 -0.0442325862777610 0.9580969810485840 0.0168275479227304 105.8695144653320312 1.0000003576278687 -0.0459196003587034
0.1300000000000000 -0.0486770011484623 0.0000054421302593 -0.0471230396477476 0.9617414474487305 0.0137807400897145 104.3586502075195312 1.0000000000000000 -0.0487411512240609
0.1350000000000000 -0.0515161864459515 0.0000052900782066 -0.0500193235563898 0.9650018811225891 0.0119598554447293 108.3965682983398438 1.0000000000000000 -0.0515758994886542
0.1400000000000000 -0.0543702878057957 0.0000044751573114 -0.0529213197742725 0.9677314162254333 0.0090831452980638 96.9495620727539062 1.0000001192092896 -0.0544226613512662
0.1450000000000000 -0.0572353303432465 0.0000042121605475 -0.0558289144227249 0.9701335430145264 0.0077148545533419 96.2877197265625000 1.0000001192092896 -0.0572804467268610
0.1500000000000000 -0.0601075440645218 0.0000039513911361 -0.0587419976792709 0.9722986221313477 0.0065621072426438 95.3431396484375000 1.0000129938125610 -0.0601484195609939
0.1600000000000000 -0.0658767893910408 0.0000005797453468 -0.0645842094386492 0.9759150743484497 0.0000222649196076 0.0119133917614818 1.0000000000000000 -0.0659121780304160
