0.0100000000000000 -0.0003034003893845 0.0000000000032996 -0.0003032259726287 0.9998214244842529 0.0000059742019403 10.5270252227783203 1.0000000000000000 -0.0003035302384398
0.0150000000000000 -0.0006836354150437 0.0000000226955645 -0.0006821261900827 0.9161959886550903 0.2913688421249390 1423.9705810546875000 1.0000000000000000 -0.0006840106049615
0.0200000000000000 -0.0012163972714916 0.0000000000058023 -0.0012123408477455 0.9998573660850525 0.0000006535805710 0.0540694855153561 1.0000001192092896 -0.0012197268265621
0.0250000000000000 -0.0019085742533207 0.0000000878382949 -0.0018936270173623 0.9596114158630371 0.1446828395128250 2269.7753906250000000 1.0000001192092896 -0.0019157640679752
0.0300000000000000 -0.0027570391539484 0.0000000947314120 -0.0027256761981350 0.9785867333412170 0.0747755169868469 2541.5231933593750000 1.0000001192092896 -0.0027807429071751
0.0350000000000000 -0.0037640638183802 0.0000000741979633 -0.0037081171100702 0.9896660447120667 0.0314216688275337 1803.6428222656250000 1.0000003576278687 -0.0038268319984448
0.0400000000000000 -0.0050676013343036 0.0000006257928362 -0.0048405190171813 0.4998637735843658 0.0040613878518343 0.0148749714717269 1.0000095367431641 -0.0050679628603157
0.0450000000000000 -0.0065148943103850 0.0000010231403849 -0.0061223955283971 0.4994238317012787 0.0040176231414080 0.0142665654420853 1.0000655651092529 -0.0065156765556212
0.0500000000000000 -0.0081715956330299 0.0000016130185259 -0.0075532088167881 0.5008589029312134 0.0040260055102408 0.0139699717983603 1.0000141859054565 -0.0081735410263021
0.0550000000000000 -0.0100329434499145 0.0000019795922981 -0.0091323741916543 0.5093815326690674 0.0032776892185211 0.0113942660391331 1.0000054836273193 -0.0100331221403462
0.0600000000000000 -0.0120742395520210 0.0000026745408377 -0.0108592649533145 0.5214787721633911 0.0030575841665268 0.0108497692272067 1.0000010728836060 -0.0120744406139424
0.0650000000000000 -0.0142672769725323 0.0000039392853068 -0.0127332174572487 0.5409957170486450 0.0032254031393677 0.0120690166950226 1.0000066757202148 -0.0142706331207312
0.0700000000000000 -0.0165933798998594 0.0000262084886344 -0.0147535363127136 0.5705721378326416 0.5711149573326111 84.6986846923828125 1.0000001192092896 -0.0165936353535299
0.0750000000000000 -0.0190090853720903 0.0000061129508140 -0.0169194996411127 0.6084756851196289 0.0028195329941809 0.0134176556020975 1.0000147819519043 -0.0190181396343487
0.0800000000000000 -0.0215115901082754 0.0000066081888690 -0.0192303643213036 0.6584942936897278 0.0023800507187843 0.0140404962003231 1.0001029968261719 -0.0215232360048010
0.0850000000000000 -0.0240844190120697 0.0000068472240855 -0.0216853711525604 0.7199822664260864 0.0019673921633512 0.0158804785460234 1.0000138282775879 -0.0240924753332188
0.0900000000000000 -0.0267132818698883 0.0000360206431651 -0.0242837498709751 0.7932164669036865 0.3028643727302551 140.1443328857421875 1.0000001192092896 -0.0267132277261482
0.0950000000000000 -0.0293697807937860 0.0000035888838283 -0.0270247239614668 0.8797399401664734 0.0006934365374036 0.0191150866448879 1.0000393390655518 -0.0293758794953702
0.1000000000000000 -0.0319141633808613 0.0000015261653061 -0.0298722646718775 0.9285032153129578 0.0002497372624930 0.0145314810797572 1.0000000000000000 -0.0320731070845601
0.1050000000000000 -0.0346674211323261 0.0000014692691366 -0.0327316144688019 0.9364354014396667 0.0002037544327322 0.0151917738839984 1.0000000000000000 -0.0347992961631959
0.1100000000000000 -0.0374352708458900 0.0000013533472156 -0.0355974640957350 0.9432801604270935 0.0001609518658370 0.0151868369430304 1.0000000000000000 -0.0375501020977718
0.1150000000000000 -0.0402207039296627 0.0000011170951666 -0.0384696678264314 0.9492003321647644 0.0001150905227405 0.0135352751240134 1.0000000000000000 -0.0403221257624299
0.1200000000000000 -0.0430294722318649 0.0000010397167216 -0.0413480863539102 0.9540103077888489 0.0000935904972721 0.0134918102994561 1.0000000000000000 -0.0431126767178403
0.1250000000000000 -0.0458407402038574 0.0000009336133076 -0.0442325862777609 0.9582685828208923 0.0000740478571970 0.0130067951977253 1.0000000000000000 -0.0459196003587034
0.1300000000000000 -0.0486755333840847 0.0000009538674703 -0.0471230396477476 0.9618670940399170 0.0000670988956699 0.0141720343381166 1.0000000000000000 -0.0487411512240609
0.1350000000000000 -0.0515131540596485 0.0000008771229432 -0.0500193235563898 0.9650503993034363 0.0000550900149392 0.0139366909861565 1.0000000000000000 -0.0515758994886542
0.1400000000000000 -0.0543524064123631 0.0000007476359087 -0.0529213197742725 0.9686729907989502 0.0000421794902650 0.0130708320066333 1.0000000000000000 -0.0544226613512662
0.1450000000000000 -0.0572148114442825 0.0000006716936696 -0.0558289144227248 0.9704709053039551 0.0000341981867678 0.0120807196944952 1.0000000000000000 -0.0572804467268610
0.1500000000000000 -0.0601072497665882 0.0000037029287796 -0.0587419976792709 0.9731631875038147 0.0061495439149439 92.4315567016601562 1.0000001192092896 -0.0601484195609939
0.1550000000000000 -0.0629876479506493 0.0000006020881642 -0.0616604635118872 0.9742395877838135 0.0000252928639384 0.0118002397939563 1.0000001192092896 -0.0630258674295368
0.1600000000000000 -0.0659102201461792 0.0000041593189053 -0.0645842094386492 0.9723803400993347 0.0057447077706456 92.8979568481445312 1.0000000000000000 -0.0659121780304160
0.1650000000000000 -0.0687772184610367 0.0000033964336126 -0.0675131363098050 0.9774318337440491 0.0043080942705274 94.4016113281250000 1.0000001192092896 -0.0688068208378670
0.1700000000000000 -0.0717089772224426 0.0000032406976516 -0.0704471481097098 0.9777170419692993 0.0037813135422766 87.3030090332031250 1.0000000000000000 -0.0717093326590368
0.1750000000000000 -0.0745941996574402 0.0000027514047360 -0.0733861517763859 0.9800332188606262 0.0029668498318642 83.1577301025390625 1.0000000000000000 -0.0746193061667837
0.1800000000000000 -0.0775082707405090 0.0000004321762219 -0.0763300570367638 0.9812797904014587 0.0000119898440971 0.0105943521484733 1.0000000000000000 -0.0775363807220720
0.1850000000000000 -0.0804390385746956 0.0000025579411158 -0.0792787762559031 0.9821636676788330 0.0023719638120383 83.3731231689453125 1.0000000000000000 -0.0804602349725247
0.1900000000000000 -0.0833866894245148 0.0000023950951800 -0.0822322242987029 0.9829288125038147 0.0020667149219662 79.0493927001953125 1.0000000000000000 -0.0833905808399332
0.1950000000000000 -0.0863235890865326 0.0000028176593787 -0.0851903184027981 0.9811632633209229 0.0022687192540616 81.1856002807617188 1.0000000000000000 -0.0863271586023067
0.2000000000000000 -0.0892468392848969 0.0000003422582040 -0.0881529780614913 0.9848008155822754 0.0000071617132562 0.0096224220469594 1.0000000000000000 -0.0892697328448116



