0.0100000000000000 -0.0003033819957636 0.0000000031466363 -0.0003032259726286 0.9259493947029114 0.2051247954368591 0.2051248103380203 1.0000003576278687 -0.0003035302384398
0.0300000000000000 -0.0027647281531245 0.0000000634506350 -0.0027256761981350 0.9276642799377441 0.0498060770332813 0.0498060733079910 1.0000011920928955 -0.0027807429071751
0.0500000000000000 -0.0079056071117520 0.0000002699680124 -0.0075532088167881 0.9493894577026367 0.0259175002574921 0.0259174983948469 1.0000175237655640 -0.0081735410263021
0.0600000000000000 -0.0120426714420319 0.0000024316893814 -0.0108592649533145 0.6435229778289795 0.1006036326289177 0.1006036251783371 1.0000271797180176 -0.0120744406139424
0.0700000000000000 -0.0165928937494755 0.0000046019154070 -0.0147535363127135 0.5907753705978394 0.1002872213721275 0.1002872288227081 1.0000176429748535 -0.0165936353535299
0.0800000000000000 -0.0215178336948156 0.0000066069883360 -0.0192303643213036 0.6655836105346680 0.0856165438890457 0.0856165438890457 1.0000257492065430 -0.0215232360048010
0.0900000000000000 -0.0267032328993082 0.0000064361893237 -0.0242837498709751 0.7935619950294495 0.0541567243635654 0.0541567206382751 1.0000078678131104 -0.0267132277261483
0.1000000000000000 -0.0319180041551590 0.0000016449426994 -0.0298722646718775 0.9284974932670593 0.0096879210323095 0.0096879210323095 1.0000150203704834 -0.0320731070845601
0.1100000000000000 -0.0374421775341034 0.0000012934425513 -0.0355974640957349 0.9432036876678467 0.0055357469245791 0.0055357464589179 1.0000867843627930 -0.0375501020977719
0.1200000000000000 -0.0430309884250164 0.0000010806554656 -0.0413480863539102 0.9539099335670471 0.0035016750916839 0.0035016750916839 1.0000001192092896 -0.0431126767178403
0.1300000000000000 -0.0486740618944168 0.0000009077001550 -0.0471230396477476 0.9617346525192261 0.0022987856063992 0.0022987856063992 1.0000002384185791 -0.0487411512240609
0.1400000000000000 -0.0543699897825718 0.0000007587429423 -0.0529213197742725 0.9676615595817566 0.0015400236006826 0.0015400236006826 1.0000001192092896 -0.0544226613512662
0.1500000000000000 -0.0601038299500942 0.0000006648132285 -0.0587419976792709 0.9723732471466064 0.0011041971156374 0.0011041972320527 1.0000029802322388 -0.0601484195609939

