0.0400000000000000 -0.0046127117238939 0.0000005196447432 -0.0045609152888246 0.9493599534034729 0.0030528390780091 3327.645019531250000 1.0000000000000000 -0.0046269591036348
0.0500000000000000 -0.0073301587253809 0.0000066032630457 -0.0071100265198996 0.4964347481727600 0.9831546545028687 3.6573529243469238   1.0000001192092896 -0.0073302581033294
0.0600000000000000 -0.0107706533744931 0.0000130190992422 -0.0102098013512366 0.4936801195144653 0.8978149294853210 3.1723592281341553   1.0000000000000000 -0.0107706994621359
0.0700000000000000 -0.0149272400885820 0.0000224019931920 -0.0138510532474853 0.5058682560920715 0.8042991757392883 2.8572995662689209 1.0000001192092896 -0.0149273672134949
0.0800000000000000 -0.0196324735879898 0.0000343567808159 -0.0180231850186991 0.5520852208137512 0.7131032347679138 2.9315845966339111 1.0000001192092896 -0.0196324721359894
0.0900000000000000 -0.0246895588934422 0.0000458631729998 -0.0227143074333053 0.6451492309570312 0.6019042730331421 3.6429429054260254 1.0000000000000000 -0.0246895826073241
0.1000000000000000 -0.0299614705145359 0.0000398426600441 -0.0279113684128216 0.8006214499473572 0.0055479439906776 351.7843627929687500 1.0000000000000000 -0.0299618957923671
0.1100000000000000 -0.0353651195764542 0.0000156116602739 -0.0335441060442680 0.9102950096130371 0.0015603025676683 342.6173095703125000 1.0000000000000000 -0.0353701210272153
0.1200000000000000 -0.0408663675189018 0.0000116370956675 -0.0392546024556306 0.9319135546684265 0.0008710087859072 324.5791931152343750 1.0000000000000000 -0.0408694197078286
0.1300000000000000 -0.0464317351579666 0.0000091382980827 -0.0449810841994099 0.9455313086509705 0.0005298409378156 307.5019531250000000 1.0000000000000000 -0.0464335136275055
0.1400000000000000 -0.0520450770854950 0.0000074290687735 -0.0507223985496439 0.9550665020942688 0.0003428349446040 293.1984252929687500 1.0000000000000000 -0.0520461760994813
0.1500000000000000 -0.0576960742473602 0.0000060598740674 -0.0564775059833140 0.9626516103744507 0.0002275522274431 280.1491394042968750 1.0000000000000000 -0.0576968441166841
0.1600000000000000 -0.0633777379989624 0.0000050870889936 -0.0622454655261318 0.9681507945060730 0.0001583091070643 268.4697875976562500 1.0000000000000000 -0.0633783015798690
