0.0100000000000000 -0.0002861615503207 0.0000000000000003 -0.0002861615692481 0.9998428821563721 0.0000000004135462 0.0167752429842949 1.0000000000000000 -0.0002863087211936
0.0200000000000000 -0.0011461304966360 0.0000000000047692 -0.0011437584279474 0.9998835325241089 0.0000004538230201 0.0949843823909760 1.0000000000000000 -0.0011462724125155
0.0300000000000000 -0.0025824487674981 0.0000000000809302 -0.0025701379598278 0.9994853138923645 0.0000015169002836 0.0544246286153793 1.0000000000000000 -0.0025855519285548
0.0400000000000000 -0.0046013961546123 0.0000000011536342 -0.0045609152888246 0.9980645179748535 0.0000068108120104 0.0593107081949711 1.0000000000000000 -0.0046269591036348
0.0450000000000000 -0.0058254962787032 0.0000000026010207 -0.0057661218862351 0.9974834322929382 0.0000095804962257 0.0595782920718193 1.0000022649765015 -0.0058906054437138
0.0500000000000000 -0.0073246685788035 0.0000014402761508 -0.0071100265198996 0.4875872731208801 0.0033556744456291 0.0121003761887550 1.0000044107437134 -0.0073302581033294
0.0600000000000000 -0.0107668992131948 0.0000021746427592 -0.0102098013512366 0.4904361367225647 0.0023448585998267 0.0081967739388347 1.0000209808349609 -0.0107706994621359
0.0700000000000000 -0.0149212116375566 0.0000037835995954 -0.0138510532474852 0.5042123198509216 0.0021242566872388 0.0075112516060472 1.0000596046447754 -0.0149273672134949
0.0800000000000000 -0.0196289606392384 0.0000047940156946 -0.0180231850186991 0.5514039993286133 0.0015553024131805 0.0063816900365055 1.0000066757202148 -0.0196324721359894
0.0900000000000000 -0.0246580839157104 0.0000080207191786 -0.0227143074333053 0.6413287520408630 0.0016489393310621 0.0098170852288604 1.0000189542770386 -0.0246895826073241
0.0950000000000000 -0.0272994022816420 0.0000064503710746 -0.0252504530706203 0.7115312218666077 0.0010819032322615 0.0092463856562972 1.0000069141387939 -0.0273048535592513
0.1000000000000000 -0.0299589447677135 0.0000054224115047 -0.0279113684128216 0.7942384481430054 0.0007551782182418 0.0111691756173968 1.0000020265579224 -0.0299618957923671
0.1050000000000000 -0.0326122045516968 0.0000026967727536 -0.0306952627974884 0.8951936364173889 0.0003169524134137 0.0127843422815204 1.0000005960464478 -0.0326523980915525
0.1100000000000000 -0.0351958163082600 0.0000016289450286 -0.0335441060442680 0.9292752742767334 0.0001643744617468 0.0125785823911428 1.0000000000000000 -0.0353701210272153
0.1200000000000000 -0.0407443046569824 0.0000011427265463 -0.0392546024556305 0.9432548284530640 0.0000860435902723 0.0103409914299846 1.0000000000000000 -0.0408694197078286
0.1300000000000000 -0.0463362783193588 0.0000009703547903 -0.0449810841994099 0.9535216093063354 0.0000564934744034 0.0102178417146206 1.0000001192092896 -0.0464335136275055
0.1400000000000000 -0.0519747398793697 0.0000007834223084 -0.0507223985496440 0.9611848592758179 0.0000362511091225 0.0094470698386431 1.0000000000000000 -0.0520461760994813
0.1500000000000000 -0.0576395541429520 0.0000006356287372 -0.0564775059833139 0.9672291278839111 0.0000239151067944 0.0087547507137060 1.0000000000000000 -0.0576968441166841
0.1600000000000000 -0.0633328258991241 0.0000005288326292 -0.0622454655261318 0.9718538522720337 0.0000164805060194 0.0081986607983708 1.0000000000000000 -0.0633783015798690
0.1700000000000000 -0.0690456032752991 0.0000004830254738 -0.0680254225085732 0.9755647182464600 0.0000126650811580 0.0083903586491942 1.0000001192092896 -0.0690854045579679
0.1800000000000000 -0.0747822374105453 0.0000004174793276 -0.0738165982529670 0.9785827994346619 0.0000093314274636 0.0080544827505946 1.0000002384185791 -0.0748143481722582
0.1900000000000000 -0.0805351510643959 0.0000003465882230 -0.0796182813220140 0.9810904264450073 0.0000066796369538 0.0073821851983666 1.0000001192092896 -0.0805622267750370
0.2000000000000000 -0.0863046124577522 0.0000003070076957 -0.0854298200409513 0.9831176400184631 0.0000051521828937 0.0071500330232084 1.0000000000000000 -0.0863267596582096
